Rank,Design,Protocol,Length,Seed,Helicity,Target_Hotspot,Sequence,InterfaceResidues,MPNN_score,MPNN_seq_recovery,Average_pLDDT,1_pLDDT,2_pLDDT,3_pLDDT,4_pLDDT,5_pLDDT,Average_pTM,1_pTM,2_pTM,3_pTM,4_pTM,5_pTM,Average_i_pTM,1_i_pTM,2_i_pTM,3_i_pTM,4_i_pTM,5_i_pTM,Average_pAE,1_pAE,2_pAE,3_pAE,4_pAE,5_pAE,Average_i_pAE,1_i_pAE,2_i_pAE,3_i_pAE,4_i_pAE,5_i_pAE,Average_i_pLDDT,1_i_pLDDT,2_i_pLDDT,3_i_pLDDT,4_i_pLDDT,5_i_pLDDT,Average_ss_pLDDT,1_ss_pLDDT,2_ss_pLDDT,3_ss_pLDDT,4_ss_pLDDT,5_ss_pLDDT,Average_Unrelaxed_Clashes,1_Unrelaxed_Clashes,2_Unrelaxed_Clashes,3_Unrelaxed_Clashes,4_Unrelaxed_Clashes,5_Unrelaxed_Clashes,Average_Relaxed_Clashes,1_Relaxed_Clashes,2_Relaxed_Clashes,3_Relaxed_Clashes,4_Relaxed_Clashes,5_Relaxed_Clashes,Average_Binder_Energy_Score,1_Binder_Energy_Score,2_Binder_Energy_Score,3_Binder_Energy_Score,4_Binder_Energy_Score,5_Binder_Energy_Score,Average_Surface_Hydrophobicity,1_Surface_Hydrophobicity,2_Surface_Hydrophobicity,3_Surface_Hydrophobicity,4_Surface_Hydrophobicity,5_Surface_Hydrophobicity,Average_ShapeComplementarity,1_ShapeComplementarity,2_ShapeComplementarity,3_ShapeComplementarity,4_ShapeComplementarity,5_ShapeComplementarity,Average_PackStat,1_PackStat,2_PackStat,3_PackStat,4_PackStat,5_PackStat,Average_dG,1_dG,2_dG,3_dG,4_dG,5_dG,Average_dSASA,1_dSASA,2_dSASA,3_dSASA,4_dSASA,5_dSASA,Average_dG/dSASA,1_dG/dSASA,2_dG/dSASA,3_dG/dSASA,4_dG/dSASA,5_dG/dSASA,Average_Interface_SASA_%,1_Interface_SASA_%,2_Interface_SASA_%,3_Interface_SASA_%,4_Interface_SASA_%,5_Interface_SASA_%,Average_Interface_Hydrophobicity,1_Interface_Hydrophobicity,2_Interface_Hydrophobicity,3_Interface_Hydrophobicity,4_Interface_Hydrophobicity,5_Interface_Hydrophobicity,Average_n_InterfaceResidues,1_n_InterfaceResidues,2_n_InterfaceResidues,3_n_InterfaceResidues,4_n_InterfaceResidues,5_n_InterfaceResidues,Average_n_InterfaceHbonds,1_n_InterfaceHbonds,2_n_InterfaceHbonds,3_n_InterfaceHbonds,4_n_InterfaceHbonds,5_n_InterfaceHbonds,Average_InterfaceHbondsPercentage,1_InterfaceHbondsPercentage,2_InterfaceHbondsPercentage,3_InterfaceHbondsPercentage,4_InterfaceHbondsPercentage,5_InterfaceHbondsPercentage,Average_n_InterfaceUnsatHbonds,1_n_InterfaceUnsatHbonds,2_n_InterfaceUnsatHbonds,3_n_InterfaceUnsatHbonds,4_n_InterfaceUnsatHbonds,5_n_InterfaceUnsatHbonds,Average_InterfaceUnsatHbondsPercentage,1_InterfaceUnsatHbondsPercentage,2_InterfaceUnsatHbondsPercentage,3_InterfaceUnsatHbondsPercentage,4_InterfaceUnsatHbondsPercentage,5_InterfaceUnsatHbondsPercentage,Average_Interface_Helix%,1_Interface_Helix%,2_Interface_Helix%,3_Interface_Helix%,4_Interface_Helix%,5_Interface_Helix%,Average_Interface_BetaSheet%,1_Interface_BetaSheet%,2_Interface_BetaSheet%,3_Interface_BetaSheet%,4_Interface_BetaSheet%,5_Interface_BetaSheet%,Average_Interface_Loop%,1_Interface_Loop%,2_Interface_Loop%,3_Interface_Loop%,4_Interface_Loop%,5_Interface_Loop%,Average_Binder_Helix%,1_Binder_Helix%,2_Binder_Helix%,3_Binder_Helix%,4_Binder_Helix%,5_Binder_Helix%,Average_Binder_BetaSheet%,1_Binder_BetaSheet%,2_Binder_BetaSheet%,3_Binder_BetaSheet%,4_Binder_BetaSheet%,5_Binder_BetaSheet%,Average_Binder_Loop%,1_Binder_Loop%,2_Binder_Loop%,3_Binder_Loop%,4_Binder_Loop%,5_Binder_Loop%,Average_InterfaceAAs,1_InterfaceAAs,2_InterfaceAAs,3_InterfaceAAs,4_InterfaceAAs,5_InterfaceAAs,Average_Hotspot_RMSD,1_Hotspot_RMSD,2_Hotspot_RMSD,3_Hotspot_RMSD,4_Hotspot_RMSD,5_Hotspot_RMSD,Average_Target_RMSD,1_Target_RMSD,2_Target_RMSD,3_Target_RMSD,4_Target_RMSD,5_Target_RMSD,Average_Binder_pLDDT,1_Binder_pLDDT,2_Binder_pLDDT,3_Binder_pLDDT,4_Binder_pLDDT,5_Binder_pLDDT,Average_Binder_pTM,1_Binder_pTM,2_Binder_pTM,3_Binder_pTM,4_Binder_pTM,5_Binder_pTM,Average_Binder_pAE,1_Binder_pAE,2_Binder_pAE,3_Binder_pAE,4_Binder_pAE,5_Binder_pAE,Average_Binder_RMSD,1_Binder_RMSD,2_Binder_RMSD,3_Binder_RMSD,4_Binder_RMSD,5_Binder_RMSD,DesignTime,Notes,TargetSettings,Filters,AdvancedSettings
1,design_l54_s108469_mpnn2,4stage,54,108469,-0.3,"E64,E88,E96",WEEKYEKLSEEERKFVESLLETVKEEFPNISEEELEEWKKVFVEFVYRMAHNVV,"B12,B15,B18,B19,B22,B23,B25,B26,B27,B28,B38,B41,B42,B45,B46,B48,B49,B50,B52,B53,B54",0.97,0.35,0.93,0.92,0.94,,,,0.91,0.9,0.91,,,,0.83,0.82,0.84,,,,0.14,0.14,0.13,,,,0.15,0.15,0.15,,,,0.91,0.91,0.9,,,,0.94,0.94,0.95,,,,0.0,0,0,,,,0.0,0,0,,,,-155.18,-158.48,-151.88,,,,0.26,0.26,0.26,,,,0.71,0.68,0.73,,,,0.66,0.67,0.64,,,,-52.2,-53.35,-51.06,,,,1860.34,1868.7,1851.98,,,,-2.8,-2.85,-2.76,,,,56.22,56.47,55.97,,,,65.84,65.0,66.67,,,,20.5,20,21,,,,6.0,6,6,,,,29.29,30.0,28.57,,,,2.5,2.0,3.0,,,,12.14,10.0,14.29,,,,83.22,87.5,78.95,,,,0.0,0.0,0.0,,,,16.77,12.5,21.05,,,,78.7,79.63,77.78,,,,0.0,0.0,0.0,,,,21.3,20.37,22.22,,,,"{'A': 1.0, 'C': 0.0, 'D': 0.0, 'E': 3.0, 'F': 4.0, 'G': 0.0, 'H': 0.0, 'I': 0.0, 'K': 0.0, 'L': 1.0, 'M': 1.0, 'N': 1.0, 'P': 0.5, 'Q': 0.0, 'R': 1.0, 'S': 1.0, 'T': 1.0, 'V': 5.0, 'W': 1.0, 'Y': 0.0}","{'A': 1, 'C': 0, 'D': 0, 'E': 3, 'F': 4, 'G': 0, 'H': 0, 'I': 0, 'K': 0, 'L': 1, 'M': 1, 'N': 1, 'P': 0, 'Q': 0, 'R': 1, 'S': 1, 'T': 1, 'V': 5, 'W': 1, 'Y': 0}","{'A': 1, 'C': 0, 'D': 0, 'E': 3, 'F': 4, 'G': 0, 'H': 0, 'I': 0, 'K': 0, 'L': 1, 'M': 1, 'N': 1, 'P': 1, 'Q': 0, 'R': 1, 'S': 1, 'T': 1, 'V': 5, 'W': 1, 'Y': 0}",,,,1.31,1.23,1.39,,,,0.22,0.21,0.22,,,,0.93,0.92,0.94,,,,0.73,0.71,0.76,,,,0.11,0.11,0.1,,,,1.92,1.71,2.13,,,,"0 hours, 1 minutes, 26 seconds",,bindcraft_input1,default_filters,advanced
2,design_l54_s108469_mpnn1,4stage,54,108469,-0.3,"E64,E88,E96",WEELYEKMSEEEREFVESLLKTVLEEFPDASEEEIEEWRKVFVEFVYRMAHNVV,"B12,B15,B18,B19,B22,B23,B26,B27,B38,B41,B42,B44,B45,B46,B48,B49,B50,B52,B53,B54",0.96,0.29,0.91,0.9,0.92,,,,0.89,0.89,0.89,,,,0.79,0.79,0.79,,,,0.15,0.16,0.15,,,,0.18,0.18,0.18,,,,0.88,0.89,0.87,,,,0.93,0.92,0.93,,,,1.0,2,0,,,,0.0,0,0,,,,-146.94,-148.5,-145.37,,,,0.28,0.28,0.27,,,,0.69,0.68,0.69,,,,0.66,0.69,0.62,,,,-53.51,-48.68,-58.34,,,,1833.8,1796.22,1871.38,,,,-2.92,-2.71,-3.12,,,,57.31,55.87,58.76,,,,65.0,65.0,65.0,,,,20.0,20,20,,,,4.0,4,4,,,,20.0,20.0,20.0,,,,3.0,4.0,2.0,,,,15.0,20.0,10.0,,,,81.98,87.5,76.47,,,,0.0,0.0,0.0,,,,18.02,12.5,23.53,,,,78.7,79.63,77.78,,,,0.0,0.0,0.0,,,,21.3,20.37,22.22,,,,"{'A': 1.0, 'C': 0.0, 'D': 0.0, 'E': 3.0, 'F': 4.0, 'G': 0.0, 'H': 0.0, 'I': 0.0, 'K': 0.0, 'L': 1.0, 'M': 1.0, 'N': 1.0, 'P': 0.0, 'Q': 0.0, 'R': 1.0, 'S': 1.0, 'T': 1.0, 'V': 5.0, 'W': 1.0, 'Y': 0.0}","{'A': 1, 'C': 0, 'D': 0, 'E': 3, 'F': 4, 'G': 0, 'H': 0, 'I': 0, 'K': 0, 'L': 1, 'M': 1, 'N': 1, 'P': 0, 'Q': 0, 'R': 1, 'S': 1, 'T': 1, 'V': 5, 'W': 1, 'Y': 0}","{'A': 1, 'C': 0, 'D': 0, 'E': 3, 'F': 4, 'G': 0, 'H': 0, 'I': 0, 'K': 0, 'L': 1, 'M': 1, 'N': 1, 'P': 0, 'Q': 0, 'R': 1, 'S': 1, 'T': 1, 'V': 5, 'W': 1, 'Y': 0}",,,,1.96,1.98,1.94,,,,0.22,0.21,0.22,,,,0.93,0.92,0.94,,,,0.74,0.71,0.77,,,,0.1,0.11,0.09,,,,1.13,1.16,1.1,,,,"0 hours, 2 minutes, 40 seconds",,bindcraft_input1,default_filters,advanced
